,,	炎□□□□□榮□□□	28814,9633,9633,9633,9633,9633,27054,9633,9633,9633
,.	敝敉□弊彆□幣□□烙	25949,25929,9633,24330,24390,9633,24163,9633,9633,28889
,/	□□□□□□□□燭□	9633,9633,9633,9633,9633,9633,9633,9633,29165,9633
,;	□□□□□□□□□燥	9633,9633,9633,9633,9633,9633,9633,9633,9633,29157
,a	□□□□□□炳□煩煙	9633,9633,9633,9633,9633,9633,28851,9633,29033,29017
,b	燈□□□□□□□□□	29128,9633,9633,9633,9633,9633,9633,9633,9633,9633
,c	□□□□□□□□炒□	9633,9633,9633,9633,9633,9633,9633,9633,28818,9633
,d	□□□□□□□□□□	9633,9633,9633,9633,9633,9633,9633,9633,9633,9633
,e	□□□爛煆燜燦□□爐	9633,9633,9633,29211,28998,29148,29158,9633,9633,29200
,f	籵□□□□□□□□糊	31861,9633,9633,9633,9633,9633,9633,9633,9633,31946
,g	□□□籽煽□□□□□	9633,9633,9633,31869,29053,9633,9633,9633,9633,9633
,h	□□□料□□□□□□	9633,9633,9633,26009,9633,9633,9633,9633,9633,9633
,i	□□□糕□□□□燧燴	9633,9633,9633,31957,9633,9633,9633,9633,29159,29172
,j	灱□□□□□煥炊焰炯	28785,9633,9633,9633,9633,9633,29029,28810,28976,28847
,k	□□□□□□粉□□□	9633,9633,9633,9633,9633,9633,31881,9633,9633,9633
,l	□□□□炮灼熄□□煌	9633,9633,9633,9633,28846,28796,29060,9633,9633,29004
,m	燃□□□□□□□□□	29123,9633,9633,9633,9633,9633,9633,9633,9633,9633
,n	迷□□□糖□□熔□□	36855,9633,9633,9633,31958,9633,9633,29076,9633,9633
,o	炘□炸燬□□□□□糙	28824,9633,28856,29164,9633,9633,9633,9633,9633,31961
,p	糧□□爆□煜□□□□	31975,9633,9633,29190,9633,29020,9633,9633,9633,9633
,q	灴□□□炬□□□□糟	28788,9633,9633,9633,28844,9633,9633,9633,9633,31967
,r	灶□□燒□□精烘烤□	28790,9633,9633,29138,9633,9633,31934,28888,28900,9633
,s	□□□□□□□□□□	9633,9633,9633,9633,9633,9633,9633,9633,9633,9633
,t	□□燼□□□□□□□	9633,9633,29180,9633,9633,9633,9633,9633,9633,9633
,u	粗□□□□□□□□□	31895,9633,9633,9633,9633,9633,9633,9633,9633,9633
,v	炑□□□□□□□□煉	28817,9633,9633,9633,9633,9633,9633,9633,9633,29001
,w	籹□□□□□□□□□	31865,9633,9633,9633,9633,9633,9633,9633,9633,9633
,x	□糝□□□□□□□□	9633,31965,9633,9633,9633,9633,9633,9633,9633,9633
,y	粒炕□□□□□粹□焙	31890,28821,9633,9633,9633,9633,9633,31929,9633,28953
,z	糯□□□□類□燎□□	31983,9633,9633,9633,9633,39006,9633,29134,9633,9633
.,	狄□□□□逖□□□□	29380,9633,9633,9633,9633,36886,9633,9633,9633,9633
..	爻狐□循猙□□□□貉	29243,29392,9633,24490,29465,9633,9633,9633,9633,35977
./	□玀□□爵□□□獨□	9633,29568,9633,9633,29237,9633,9633,9633,29544,9633
.;	各□□□□□狷雒□□	21508,9633,9633,9633,9633,9633,29431,38610,9633,9633
.a	爰徑征狂衙□□□須□	29232,24465,24449,29378,34905,9633,9633,9633,38920,9633
.b	□□□□□□亂□□□	9633,9633,9633,9633,9633,9633,20098,9633,9633,9633
.c	衍□□□□□躺□□□	34893,9633,9633,9633,9633,9633,36538,9633,9633,9633
.d	凶兇□□□□□爬□□	20982,20807,9633,9633,9633,9633,9633,29228,9633,9633
.e	刈遞徙□□□□□□□	21000,36958,24473,9633,9633,9633,9633,9633,9633,9633
.f	夆□□□□射盾獲豺德	22790,9633,9633,9633,9633,23556,30462,29554,35962,24503
.g	□犯□猛□□□□□□	9633,29359,9633,29467,9633,9633,9633,9633,9633,9633
.h	冬彷□□狼□□□□□	20908,24439,9633,9633,29436,9633,9633,9633,9633,9633
.i	銜□□徐□□□□□猶	37532,9633,9633,24464,9633,9633,9633,9633,9633,29494
.j	□覓□□受愛舜□□貂	9633,35219,9633,9633,21463,24859,33308,9633,9633,35970
.k	□□□□猴□□聳□咎	9633,9633,9633,9633,29492,9633,9633,32883,9633,21646
.l	□□獅□□豹□□□貌	9633,9633,29509,9633,9633,35961,9633,9633,9633,35980
.m	狽□□□□□猾□□□	29437,9633,9633,9633,9633,9633,29502,9633,9633,9633
.n	□□□狩□獰□□□□	9633,9633,9633,29417,9633,29552,9633,9633,9633,9633
.o	舀□□□□□□□□復	33280,9633,9633,9633,9633,9633,9633,9633,9633,24489
.p	得□狎貍□□□□猩猖	24471,9633,29390,35981,9633,9633,9633,9633,29481,29462
.q	后□□□□逅□□□軀	21518,9633,9633,9633,9633,36869,9633,9633,9633,36544
.r	□□徒待□□猜衖□猿	9633,9633,24466,24453,9633,9633,29468,34902,9633,29503
.s	□□□躲役□□□□□	9633,9633,9633,36530,24441,9633,9633,9633,9633,9633
.t	□懇爭律彼□□□□衛	9633,25031,29229,24459,24444,9633,9633,9633,9633,34907
.u	衡□□□□□□□□□	34913,9633,9633,9633,9633,9633,9633,9633,9633,9633
.v	采□□□□殺□徠彩釉	37319,9633,9633,9633,9633,27578,9633,24480,24425,37321
.w	妥□□□□□□□□獵	22949,9633,9633,9633,9633,9633,9633,9633,9633,29557
.x	雞□□□□□□瓜後□	38622,9633,9633,9633,9633,9633,9633,29916,24460,9633
.y	狺□□往□□□狡□獐	29434,9633,9633,24448,9633,9633,9633,29409,9633,29520
.z	□□□□□□希狹□□	9633,9633,9633,9633,9633,9633,24076,29433,9633,9633
/,	□□□□□□□□□□	9633,9633,9633,9633,9633,9633,9633,9633,9633,9633
/.	□□□蜂□□□□□□	9633,9633,9633,34562,9633,9633,9633,9633,9633,9633
//	□□□□□□□□□蟲	9633,9633,9633,9633,9633,9633,9633,9633,9633,34802
/;	□□□□蜈□□□□蟬	9633,9633,9633,9633,34568,9633,9633,9633,9633,34796
/a	□蛭□□□□□□□□	9633,34541,9633,9633,9633,9633,9633,9633,9633,9633
/b	□□□□□□蛹□□□	9633,9633,9633,9633,9633,9633,34553,9633,9633,9633
/c	□□□□□遝螳□□□	9633,9633,9633,9633,9633,36957,34739,9633,9633,9633
/d	□□□□□□□□□□	9633,9633,9633,9633,9633,9633,9633,9633,9633,9633
/e	□□罪□蝦□□□□罩	9633,9633,32618,9633,34662,9633,9633,9633,9633,32617
/f	蚌□□□□□置□□蝴	34444,9633,9633,9633,9633,9633,32622,9633,9633,34676
/g	□□□蜢□□蝙罵□□	9633,9633,9633,34594,9633,9633,34649,32629,9633,9633
/h	□□□蚪螂□□□□□	9633,9633,9633,34474,34690,9633,9633,9633,9633,9633
/i	蜷□□蟻蛉□蝓□□蛤	34615,9633,9633,34811,34505,9633,34643,9633,9633,34532
/j	虭蜆□蜩□□□□□螟	34413,34566,9633,34601,9633,9633,9633,9633,9633,34719
/k	□蚣□□□□□眾□蛻	9633,34467,9633,9633,9633,9633,9633,30526,9633,34555
/l	□□□蜊□□□蟋蛾蝗	9633,9633,9633,34570,9633,9633,9633,34763,34558,34647
/m	買□□□□□□□□蝸	36023,9633,9633,9633,9633,9633,9633,9633,9633,34680
/n	蛇□□□□□蜿罹□□	34503,9633,9633,9633,9633,9633,34623,32633,9633,9633
/o	蚚□蚱蛛□□□□□□	34458,9633,34481,34523,9633,9633,9633,9633,9633,9633
/p	蟈螺□蛐□□蝟□蠍蛔	34760,34746,9633,34512,9633,9633,34655,9633,34829,34516
/q	虹□蚜□□□□□還蝠	34425,9633,34460,9633,9633,9633,9633,9633,36996,34656
/r	蚶蝶□蛙□□蜻睪署□	34486,34678,9633,34521,9633,9633,34619,30570,32626,9633
/s	虮□□□□□□□□□	34414,9633,9633,9633,9633,9633,9633,9633,9633,9633
/t	□□□□蚓□□□□□	9633,9633,9633,9633,34451,9633,9633,9633,9633,9633
/u	蛆□□□□□□□□□	34502,9633,9633,9633,9633,9633,9633,9633,9633,9633
/v	蚞□□□□□□□蜥□	34462,9633,9633,9633,9633,9633,9633,9633,34597,9633
/w	□□□□□□□□□蠟	9633,9633,9633,9633,9633,9633,9633,9633,9633,34847
/x	□□□□□□罷羅□□	9633,9633,9633,9633,9633,9633,32631,32645,9633,9633
/y	詈蟀罰蛀□□□蛟蚊蟑	35400,34752,32624,34496,9633,9633,9633,34527,34442,34769
/z	罘蚨□蠣□□□□□□	32600,34472,9633,34851,9633,9633,9633,9633,9633,9633
;,	咪□□□□□□嘮□□	21674,9633,9633,9633,9633,9633,9633,22062,9633,9633
;.	史呱□□□咚噯□□嚼	21490,21617,9633,9633,9633,21658,22127,9633,9633,22204
;/	呬囉□□□□□雖□□	21612,22217,9633,9633,9633,9633,9633,38614,9633,9633
;;	器咒患□□□□□□戰	22120,21650,24739,9633,9633,9633,9633,9633,9633,25136
;a	□□啞味號□咧□啄哽	9633,9633,21854,21619,34399,9633,21671,9633,21828,21757
;b	另叻囑□嗓□唧呎□咖	21478,21499,22225,9633,21971,9633,21799,21582,9633,21654
;c	足□□□□□噹□吵□	36275,9633,9633,9633,9633,9633,22137,9633,21557,9633
;d	中□咄□□忠盅□□□	20013,9633,21636,9633,9633,24544,30405,9633,9633,9633
;e	嘴噓啡□□□啃□□□	22068,22099,21857,9633,9633,9633,21827,9633,9633,9633
;f	嘩□□噴吱吋喃□哎嘲	22057,9633,9633,22132,21553,21515,21891,9633,21710,22066
;g	吳□□哪□□□嗎□□	21555,9633,9633,21738,9633,9633,9633,21966,9633,9633
;h	□□□□□□□□嗾□	9633,9633,9633,9633,9633,9633,9633,9633,22014,9633
;i	□□□咩唸□喻□□哈	9633,9633,9633,21673,21816,9633,21947,9633,9633,21704
;j	叨叩吊嗣□□喚吶啗□	21480,21481,21514,21987,9633,9633,21914,21558,21847,9633
;k	只叭□咐喉唯吩□□□	21482,21485,9633,21648,21897,21807,21545,9633,9633,9633
;l	噬□別呈吸□咱呼吻呂	22124,9633,21029,21576,21560,9633,21681,21628,21563,21570
;m	員唄□□勛□嚶□□□	21729,21764,9633,9633,21211,9633,22198,9633,9633,9633
;n	喧□□嘛□嚀□□喀□	21927,9633,9633,22043,9633,22144,9633,9633,21888,9633
;o	听吃咋唾□啦□□啪□	21548,21507,21643,21822,9633,21862,9633,9633,21866,9633
;p	喂□呷哩□□喟嘿喝唱	21890,9633,21623,21737,9633,9633,21919,22079,21917,21809
;q	叱□呀□□哺□□□嘔	21489,9633,21568,9633,9633,21754,9633,9633,9633,22036
;r	吐喋嚇哇□嗷嘖哄嗜嘻	21520,21899,22151,21703,9633,22007,22038,21700,21980,22075
;s	兄□叫□□□□□□□	20804,9633,21483,9633,9633,9633,9633,9633,9633,9633
;t	啊哏吧□□□□□□□	21834,21711,21543,9633,9633,9633,9633,9633,9633,9633
;u	咀□□□□□□嚕鵑□	21632,9633,9633,9633,9633,9633,9633,22165,40273,9633
;v	呆□□噤□□□□□喇	21574,9633,9633,22116,9633,9633,9633,9633,9633,21895
;w	□□□□呶□□□喙□	9633,9633,9633,9633,21622,9633,9633,9633,21913,9633
;x	吆嘰□□□□□唆唉□	21510,22064,9633,9633,9633,9633,9633,21766,21769,9633
;y	唁咳□□□□嚨咬□鄙	21761,21683,9633,9633,9633,9633,22184,21676,9633,37145
;z	喊□□□咦吠唷嘹□喱	21898,9633,9633,9633,21670,21536,21815,22073,9633,21937
a,	□□□□□□□□□□	9633,9633,9633,9633,9633,9633,9633,9633,9633,9633
a.	豕□豭豬□逐□□□□	35925,9633,35949,35948,9633,36880,9633,9633,9633,9633
a/	西要□栗□迺賈粟覆覃	35199,35201,9633,26647,9633,36858,36040,31903,35206,35203
a;	□□□□□□□□□□	9633,9633,9633,9633,9633,9633,9633,9633,9633,9633
aa	二元武□□□次□□□	20108,20803,27494,9633,9633,9633,27425,9633,9633,9633
ab	□□□□□□□□□□	9633,9633,9633,9633,9633,9633,9633,9633,9633,9633
ac	下□□□□□□□□□	19979,9633,9633,9633,9633,9633,9633,9633,9633,9633
ad	丁頓□□□□□□□□	19969,38931,9633,9633,9633,9633,9633,9633,9633,9633
ae	正耳□□取職耽聆聊聖	27491,32819,9633,9633,21462,32887,32829,32838,32842,32854
af	干于型□邢迂盂□形甜	24178,20110,22411,9633,37026,36802,30402,9633,24418,29980
ag	□□□□□□□□□亟	9633,9633,9633,9633,9633,9633,9633,9633,9633,20127
ah	□□□□□□□□□□	9633,9633,9633,9633,9633,9633,9633,9633,9633,9633
ai	平□□□□□□□□□	24179,9633,9633,9633,9633,9633,9633,9633,9633,9633
aj	□□□再□麗□丙□□	9633,9633,9633,20877,9633,40599,9633,19993,9633,9633
ak	□□□□□□爾□□□	9633,9633,9633,9633,9633,9633,29246,9633,9633,9633
al	万□□□□□憂□□百	19975,9633,9633,9633,9633,9633,24962,9633,9633,30334
am	歹殆烈殖□殯殃殮殊□	27513,27526,28872,27542,9633,27567,27523,27566,27530,9633
an	□□□□□□□□□□	9633,9633,9633,9633,9633,9633,9633,9633,9633,9633
ao	□□□□□□□□□□	9633,9633,9633,9633,9633,9633,9633,9633,9633,9633
ap	酉酸□醋配醉酩醮更醒	37193,37240,9633,37259,37197,37257,37225,37294,26356,37266
aq	□式□□□□□□□□	9633,24335,9633,9633,9633,9633,9633,9633,9633,9633
ar	王壬瑞球玻班玖珍珠理	29579,22764,29790,29699,29627,29677,29590,29645,29664,29702
as	兀□□□□□□□□虺	20800,9633,9633,9633,9633,9633,9633,9633,9633,34426
at	五□妻□□□□□□吾	20116,9633,22971,9633,9633,9633,9633,9633,9633,21566
au	□□□□□□□□□□	9633,9633,9633,9633,9633,9633,9633,9633,9633,9633
av	未□□□□□□□釐□	26410,9633,9633,9633,9633,9633,9633,9633,37328,9633
aw	互□□□□□□□□□	20114,9633,9633,9633,9633,9633,9633,9633,9633,9633
ax	戈弋划至□□□□鳶□	25096,24331,21010,33267,9633,9633,9633,9633,40182,9633
ay	□□□□□□□□□□	9633,9633,9633,9633,9633,9633,9633,9633,9633,9633
az	天□忝□□□□□□吞	22825,9633,24541,9633,9633,9633,9633,9633,9633,21534
b,	屎□□□□□□□□□	23630,9633,9633,9633,9633,9633,9633,9633,9633,9633
b.	□□□屜□□□□履屨	9633,9633,9633,23644,9633,9633,9633,9633,23653,23656
b/	□□□□□□□□□□	9633,9633,9633,9633,9633,9633,9633,9633,9633,9633
b;	加□□架駕避賀□□□	21152,9633,9633,26550,39381,36991,36032,9633,9633,9633
ba	慰屋□□□□屍□□□	24944,23627,9633,9633,9633,9633,23629,9633,9633,9633
bb	羽□□羿桑翠□戳習翼	32701,9633,9633,32703,26705,32736,9633,25139,32722,32764
bc	尿□□□□□屑□遲屬	23615,9633,9633,9633,9633,9633,23633,9633,36978,23660
bd	□□屈□□□□□□□	9633,9633,23624,9633,9633,9633,9633,9633,9633,9633
be	□□屝□□□□□□□	9633,9633,23645,9633,9633,9633,9633,9633,9633,9633
bf	□□□□□□□□□居	9633,9633,9633,9633,9633,9633,9633,9633,9633,23621
bg	□□預孱□□□□□局	9633,9633,38928,23409,9633,9633,9633,9633,9633,23616
bh	叉□□□□蚤□□□□	21449,9633,9633,9633,9633,34468,9633,9633,9633,9633
bi	□□□屏□□□□□□	9633,9633,9633,23631,9633,9633,9633,9633,9633,9633
bj	即眉刷勇□□□□□□	21363,30473,21047,21191,9633,9633,9633,9633,9633,9633
bk	尺□□□□□□□□層	23610,9633,9633,9633,9633,9633,9633,9633,9633,23652
bl	尾□□□□□□□□□	23614,9633,9633,9633,9633,9633,9633,9633,9633,9633
bm	□□□□□□□□□□	9633,9633,9633,9633,9633,9633,9633,9633,9633,9633
bn	迉□□□□□□□□□	36809,9633,9633,9633,9633,9633,9633,9633,9633,9633
bo	□□□□□□□□□□	9633,9633,9633,9633,9633,9633,9633,9633,9633,9633
bp	屇□□□□□□□□屢	23623,9633,9633,9633,9633,9633,9633,9633,9633,23650
bq	尼既□□□□□登□□	23612,26082,9633,9633,9633,9633,9633,30331,9633,9633
br	□展屆□□□□殿屠□	9633,23637,23622,9633,9633,9633,9633,27583,23648,9633
bs	□□□□□□□□□□	9633,9633,9633,9633,9633,9633,9633,9633,9633,9633
bt	□□□□發□□□□□	9633,9633,9633,9633,30332,9633,9633,9633,9633,9633
bu	□□□□□□□□□□	9633,9633,9633,9633,9633,9633,9633,9633,9633,9633
bv	□□□□□□□□□□	9633,9633,9633,9633,9633,9633,9633,9633,9633,9633
bw	□□□□□□□□□□	9633,9633,9633,9633,9633,9633,9633,9633,9633,9633
bx	□□□□□□□□□□	9633,9633,9633,9633,9633,9633,9633,9633,9633,9633
by	□□□□□□□□□□	9633,9633,9633,9633,9633,9633,9633,9633,9633,9633
bz	□□□□□□□□□□	9633,9633,9633,9633,9633,9633,9633,9633,9633,9633
c,	□□□□□□淡□□淆	9633,9633,9633,9633,9633,9633,28129,9633,9633,28102
c.	溪□□淨□□□派洛□	28330,9633,9633,28136,9633,9633,9633,27966,27931,9633
c/	泗□□澤□□溫□濁澡	27863,9633,9633,28580,9633,9633,28331,9633,28609,28577
c;	□況沖□浥□涓□□□	9633,27841,27798,9633,28005,9633,28051,9633,9633,9633
ca	添光洲汗淒□灑業涿酒	28155,20809,27954,27735,28114,9633,28753,26989,28095,37202
cb	泥□□澱潑□湧□□□	27877,9633,9633,28593,28497,9633,28263,9633,9633,9633
cc	洸□□□□□消□沙□	27960,9633,9633,9633,9633,9633,28040,9633,27801,9633
cd	汕□□□□□□涔□□	27733,9633,9633,9633,9633,9633,9633,28052,9633,9633
ce	淵□涉瀾□□濬□□濾	28149,9633,28041,28734,9633,9633,28652,9633,9633,28670
cf	汁□□□瀟□潔濩□湖	27713,9633,9633,9633,28703,9633,28500,28649,9633,28246
cg	淚氾池□□□□□□滬	28122,27710,27744,9633,9633,9633,9633,9633,9633,28396
ch	□□□□浪□□淤游□	9633,9633,9633,9633,28010,9633,9633,28132,28216,9633
ci	淦滋溯洋滄□淪溢□洽	28134,28363,28335,27915,28356,9633,28138,28322,9633,27965
cj	洞沉渺□□梁渙深□常	27934,27785,28218,9633,9633,26753,28185,28145,9633,24120
ck	□□滌□涕準汾浴□沿	9633,9633,28364,9633,28053,28310,27774,28020,9633,27839
cl	少染涎活沒泛澳潘淘激	23569,26579,28046,27963,27794,27867,28595,28504,28120,28608
cm	汐浿測□□□滑□□渦	27728,28031,28204,9633,9633,9633,28369,9633,9633,28198
cn	沁□□渡□滓□溶瀋□	27777,9633,9633,28193,9633,28371,9633,28342,28683,9633
co	汽沂泖□□溜□□浙浩	27773,27778,27862,9633,9633,28316,9633,9633,27993,28009
cp	汨汩沓沺□□渭泅渴漫	27752,27753,27795,27834,9633,9633,28205,27845,28212,28459
cq	江潛河柒渠浦□□漸漕	27743,28507,27827,26578,28192,28006,9633,9633,28472,28437
cr	漢泄□澆濤□清港渚澎	28450,27844,9633,28550,28644,9633,28165,28207,28186,28558
cs	□□□汛□汎□洮□□	9633,9633,9633,27739,9633,27726,9633,27950,9633,9633
ct	潯泯□津波□浸決□□	28527,27887,9633,27941,27874,9633,28024,27770,9633,9633
cu	肖□削□□逍□漁□□	32918,9633,21066,9633,9633,36877,9633,28417,9633,9633
cv	沐□□淋□□湘漆淅渣	27792,9633,9633,28107,9633,9633,28248,28422,28101,28195
cw	汝□□□□□□□□淄	27741,9633,9633,9633,9633,9633,9633,9633,9633,28100
cx	□滲□□□□□浚□治	9633,28402,9633,9633,9633,9633,9633,27994,9633,27835
cy	泣灣汴注□□瀛液滸涼	27875,28771,27764,27880,9633,9633,28699,28082,28408,28092
cz	尖□□涯□汰澈潦流淹	23574,9633,9633,28079,9633,27760,28552,28518,27969,28153
d,	□□□□□□□嶸□□	9633,9633,9633,9633,9633,9633,9633,23992,9633,9633
d.	崤□□峰崢嶽□□□□	23844,9633,9633,23792,23842,23997,9633,9633,9633,9633
d/	□□□□□□□□□□	9633,9633,9633,9633,9633,9633,9633,9633,9633,9633
d;	□□□□□□□□□巖	9633,9633,9633,9633,9633,9633,9633,9633,9633,24022
da	凹凸□□□□□□耑蚩	20985,20984,9633,9633,9633,9633,9633,9633,32785,34473
db	屴□崛□□□□□□□	23668,9633,23835,9633,9633,9633,9633,9633,9633,9633
dc	□□□□□□峭□□□	9633,9633,9633,9633,9633,9633,23789,9633,9633,9633
dd	出□□□□□□□□□	20986,9633,9633,9633,9633,9633,9633,9633,9633,9633
de	□□□□□□□□□□	9633,9633,9633,9633,9633,9633,9633,9633,9633,9633
df	羋□□□岐□巔□□□	32651,9633,9633,9633,23696,9633,24020,9633,9633,9633
dg	岩□□□□□□□□□	23721,9633,9633,9633,9633,9633,9633,9633,9633,9633
dh	□□□□□□□□□□	9633,9633,9633,9633,9633,9633,9633,9633,9633,9633
di	□□□嵯嶺□崙□□□	9633,9633,9633,23919,23994,9633,23833,9633,9633,9633
dj	峒峴□□□□□崗□巉	23762,23796,9633,9633,9633,9633,9633,23831,9633,24009
dk	□□□□□崔□峪□□	9633,9633,9633,9633,9633,23828,9633,23786,9633,9633
dl	□□□巍岌□□□峨牌	9633,9633,9633,24013,23692,9633,9633,9633,23784,29260
dm	□□□□□□□□□□	9633,9633,9633,9633,9633,9633,9633,9633,9633,9633
dn	崇□□□□□□崆□□	23815,9633,9633,9633,9633,9633,9633,23814,9633,9633
do	岓屹□□□□□□□□	23699,23673,9633,9633,9633,9633,9633,9633,9633,9633
dp	崑□岬岫□□□□□□	23825,9633,23724,23723,9633,9633,9633,9633,9633,9633
dq	□□□□□□□豈嶄嶇	9633,9633,9633,9633,9633,9633,9633,35912,23940,23943
dr	嵌牒□峙□□崁□□牘	23884,29266,9633,23769,9633,9633,23809,9633,9633,29272
ds	□□□□□□□□□□	9633,9633,9633,9633,9633,9633,9633,9633,9633,9633
dt	□岷□□□□□□□□	9633,23735,9633,9633,9633,9633,9633,9633,9633,9633
du	□□□□□□崩□□□	9633,9633,9633,9633,9633,9633,23849,9633,9633,9633
dv	□□□□□□□崧□□	9633,9633,9633,9633,9633,9633,9633,23847,9633,9633
dw	□□□□□□□□□□	9633,9633,9633,9633,9633,9633,9633,9633,9633,9633
dx	嵐幽□□□□胤峻□□	23888,24189,9633,9633,9633,9633,32996,23803,9633,9633
dy	岦□□□□□□□□嵩	23718,9633,9633,9633,9633,9633,9633,9633,9633,23913
dz	岸□□崖版□□峽□□	23736,9633,9633,23830,29256,9633,9633,23805,9633,9633
e,	□□□□□□□□□□	9633,9633,9633,9633,9633,9633,9633,9633,9633,9633
e.	□處□□□□□□□閣	9633,34389,9633,9633,9633,9633,9633,9633,9633,38307
e/	閩□□□□□□□□□	38313,9633,9633,9633,9633,9633,9633,9633,9633,9633
e;	問占□□虞□□□閭闆	21839,21344,9633,9633,34398,9633,9633,9633,38317,38342
ea	上閂聞開□□□□劇□	19978,38274,32862,38283,9633,9633,9633,9633,21127,9633
eb	闋□□□□□□□□闢	38347,9633,9633,9633,9633,9633,9633,9633,9633,38370
ec	步□□□□□□□闊□	27493,9633,9633,9633,9633,9633,9633,9633,38346,9633
ed	川□□□□□□□□□	24029,9633,9633,9633,9633,9633,9633,9633,9633,9633
ee	非□□□翡悲□□□蜚	38750,9633,9633,9633,32737,24754,9633,9633,9633,34586
ef	□□□□歧□闐□閉□	9633,9633,9633,9633,27495,9633,38352,9633,38281,9633
eg	□□□□□□□闖□□	9633,9633,9633,9633,9633,9633,9633,38358,9633,9633
eh	閍□□□□□□□□□	38285,9633,9633,9633,9633,9633,9633,9633,9633,9633
ei	齒□闕□齦□齟齡齣齪	40786,9633,38357,9633,40806,9633,40799,40801,40803,40810
ej	睿□□□□□□□閻□	30591,9633,9633,9633,9633,9633,9633,9633,38331,9633
ek	閃□□□□虧□□□閱	38275,9633,9633,9633,9633,34407,9633,9633,9633,38321
el	□□□□□□□□□□	9633,9633,9633,9633,9633,9633,9633,9633,9633,9633
em	貞□□□餐□□□□□	35998,9633,9633,9633,39184,9633,9633,9633,9633,9633
en	悶□□□□□□□□□	24758,9633,9633,9633,9633,9633,9633,9633,9633,9633
eo	閰□□□□□□□□□	38320,9633,9633,9633,9633,9633,9633,9633,9633,9633
ep	間□虜卓□慮膚□鹹□	38291,9633,34396,21331,9633,24942,33178,9633,40569,9633
eq	此北□柴邶訾背戲□冀	27492,21271,9633,26612,37046,35390,32972,25138,9633,20864
er	□闔□閨□□□鬨□□	9633,38356,9633,38312,9633,9633,9633,39720,9633,9633
es	虎□□□□□□□彪□	34382,9633,9633,9633,9633,9633,9633,9633,24426,9633
et	□□□□遐□□□□闈	9633,9633,9633,9633,36944,9633,9633,9633,9633,38344
eu	肯閒□□□□□□□□	32943,38290,9633,9633,9633,9633,9633,9633,9633,9633
ev	閑□□□□□□□□闌	38289,9633,9633,9633,9633,9633,9633,9633,9633,38348
ew	虛□□□□□□□□□	34395,9633,9633,9633,9633,9633,9633,9633,9633,9633
ex	□關□□□□□□□□	9633,38364,9633,9633,9633,9633,9633,9633,9633,9633
ey	誾閡□□□□鬧□虔□	35518,38305,9633,9633,9633,9633,39719,9633,34388,9633
ez	歲閎□□□□□□□□	27506,38286,9633,9633,9633,9633,9633,9633,9633,9633
f,	□□□□□求□□蔽□	9633,9633,9633,9633,9633,27714,9633,9633,34109,9633
f.	艾□□菜□□□荻藐□	33406,9633,9633,33756,9633,9633,9633,33659,34256,9633
f/	茧蘿□薯□□夢□□□	33575,34367,9633,34223,9633,9633,22818,9633,9633,9633
f;	古克□□□辜胡□莒歡	21476,20811,9633,9633,9633,36764,32993,9633,33682,27489
fa	蒜莖茸華萋□葬□□蕈	33948,33686,33592,33775,33803,9633,33900,9633,9633,34120
fb	支□□□協□□□□茄	25903,9633,9633,9633,21332,9633,9633,9633,9633,33540
fc	薄□莎□范茫□蒞蒲蕩	34180,9633,33678,9633,33539,33579,9633,33950,33970,34153
fd	井卅茁豐□□□□□□	20117,21317,33537,35920,9633,9633,9633,9633,9633,9633
fe	芷卌菲蘭葭□□藺□蘆	33463,21324,33778,34349,33901,9633,9633,34298,9633,34310
ff	卉□□卅慧□荸藉□苦	21321,9633,9633,21317,24935,9633,33656,34249,9633,33510
fg	□□蒸蓀□□□□□□	9633,9633,33976,33984,9633,9633,9633,9633,9633,9633
fh	寸芳□□□□□菸□□	23544,33459,9633,9633,9633,9633,9633,33784,9633,9633
fi	□□□荼蒼□□□□□	9633,9633,9633,33660,33980,9633,9633,9633,9633,9633
fj	苜索繭苒勃□□南挈菟	33500,32034,32365,33490,21187,9633,9633,21335,25352,33759
fk	耒蓊芥茶耙舊芬麥耗耦	32786,33994,33445,33590,32793,33290,33452,40613,32791,32806
fl	才□薛萎苞芍□菊萄驚	25165,9633,34203,33806,33502,33421,9633,33738,33796,39514
fm	蔡□□□苑□□□□萵	34081,9633,9633,9633,33489,9633,9633,9633,9633,33845
fn	芝芯菅蔗□蕊□蓉□□	33437,33455,33733,34071,9633,34122,9633,33993,9633,9633
fo	芹薇茆蕪□□□萸□董	33465,34183,33542,34154,9633,9633,9633,33848,9633,33891
fp	苗□□草□□邁□葛蔓	33495,9633,9633,33609,9633,9633,36993,9633,33883,34067
fq	莗萇芽□苣博□荳□□	33687,33799,33469,9633,33507,21338,9633,33651,9633,9633
fr	□葉□蕘□□菁藝著薹	9633,33865,9633,34136,9633,9633,33729,34269,33879,34233
fs	□□□□芟□□□□□	9633,9633,9633,9633,33439,9633,9633,9633,9633,9633
ft	邦□蕭□芎薩□蔭□葦	37030,9633,34157,9633,33422,34217,9633,34093,9633,33894
fu	直□□□□□菔蘇□□	30452,9633,9633,9633,9633,9633,33748,34311,9633,9633
fv	茉□□□□□□萊□□	33545,9633,9633,9633,9633,9633,9633,33802,9633,9633
fw	□□□菇□□□□□茹	9633,9633,9633,33735,9633,9633,9633,9633,9633,33593
fx	□茲□莊□□蔣□□蘊	9633,33586,9633,33674,9633,9633,34083,9633,9633,34314
fy	薦荒□薪□□□蒂□菩	34214,33618,9633,34218,9633,9633,9633,33922,9633,33769
fz	芙芣荐□□莽□莢□若	33433,33443,33616,9633,9633,33725,9633,33698,9633,33509
g,	馬駿驢驍騙駐磷駢驕駛	39340,39423,39522,39501,39449,39376,30967,39394,39509,39387
g.	□□□□肇□□□□□	9633,9633,9633,9633,32903,9633,9633,9633,9633,9633
g/	□□□□□□□□□□	9633,9633,9633,9633,9633,9633,9633,9633,9633,9633
g;	□□□□扈□□□啟□	9633,9633,9633,9633,25160,9633,9633,9633,21855,9633
ga	刁□□研□□□砰碩硬	20993,9633,9633,30740,9633,9633,9633,30768,30889,30828
gb	磴□□碾扇□□□□□	30964,9633,9633,30910,25159,9633,9633,9633,9633,9633
gc	疋泵氶砅□□硝□砂蛋	30091,27893,27702,30725,9633,9633,30813,9633,30722,34507
gd	了迆□□□□□孓□□	20102,36806,9633,9633,9633,9633,9633,23379,9633,9633
ge	疏□扉□□□□□□砧	30095,9633,25161,9633,9633,9633,9633,9633,9633,30759
gf	子孑□□承孩孟□孤□	23376,23377,9633,9633,25215,23401,23391,9633,23396,9633
gg	□□□□磊□□碼□□	9633,9633,9633,9633,30922,9633,9633,30908,9633,9633
gh	房□□□□□□□□□	25151,9633,9633,9633,9633,9633,9633,9633,9633,9633
gi	□磁碰磋□□□□□□	9633,30913,30896,30923,9633,9633,9633,9633,9633,9633
gj	□硯□扁□□□確□□	9633,30831,9633,25153,9633,9633,9633,30906,9633,9633
gk	□□□□□顧□□□□	9633,9633,9633,9633,9633,39015,9633,9633,9633,9633
gl	□□□□砲砭□□□碑	9633,9633,9633,9633,30770,30765,9633,9633,9633,30865
gm	矽□□□□□□□□□	30717,9633,9633,9633,9633,9633,9633,9633,9633,9633
gn	碇□□礦□□碗□□□	30855,9633,9633,31014,9633,9633,30871,9633,9633,9633
go	所斫□硃□□□□□□	25152,26027,9633,30787,9633,9633,9633,9633,9633,9633
gp	□□砷□□□□□碣□	9633,9633,30775,9633,9633,9633,9633,9633,30883,9633
gq	司□□□□□砌□礙□	21496,9633,9633,9633,9633,9633,30732,9633,31001,9633
gr	丑碟□□□□磧□□磺	19985,30879,9633,9633,9633,9633,30951,9633,9633,30970
gs	乜□□□□□□□□□	20060,9633,9633,9633,9633,9633,9633,9633,9633,9633
gt	□□□□破□□□□□	9633,9633,9633,9633,30772,9633,9633,9633,9633,9633
gu	肩□□□□□硼□□□	32937,9633,9633,9633,9633,9633,30844,9633,9633,9633
gv	□□□礎□□□□□□	9633,9633,9633,30990,9633,9633,9633,9633,9633,9633
gw	□□碌□□□□□□□	9633,9633,30860,9633,9633,9633,9633,9633,9633,9633
gx	□磯□□□□□□□□	9633,30959,9633,9633,9633,9633,9633,9633,9633,9633
gy	□□□□□□□碎□□	9633,9633,9633,9633,9633,9633,9633,30862,9633,9633
gz	砆□□磚□戾□□硫□	30726,9633,9633,30938,9633,25150,9633,9633,30827,9633
h,	疢□□□□□□痰□□	30114,9633,9633,9633,9633,9633,9633,30192,9633,9633
h.	放□□□□疼□□□□	25918,9633,9633,9633,9633,30140,9633,9633,9633,9633
h/	痋□□□□□瘟□□□	30155,9633,9633,9633,9633,9633,30239,9633,9633,9633
h;	□□□□□□□□□癌	9633,9633,9633,9633,9633,9633,9633,9633,9633,30284
ha	□痙症□□□病□□□	9633,30169,30151,9633,9633,9633,30149,9633,9633,9633
hb	永□□□郎□痛□□癖	27704,9633,9633,9633,37070,9633,30171,9633,9633,30294
hc	□□痧□□□□□□□	9633,9633,30183,9633,9633,9633,9633,9633,9633,9633
hd	疝□□□□□□□□□	30109,9633,9633,9633,9633,9633,9633,9633,9633,9633
he	瘧□痱□□□□□□□	30247,9633,30193,9633,9633,9633,9633,9633,9633,9633
hf	斗□□□□□癲瘩□癘	26007,9633,9633,9633,9633,9633,30322,30249,9633,30296
hg	□□□□□□□□□□	9633,9633,9633,9633,9633,9633,9633,9633,9633,9633
hh	□□□□□□□瘀□□	9633,9633,9633,9633,9633,9633,9633,30208,9633,9633
hi	□□□癢瘡□癒□□□	9633,9633,9633,30306,30241,9633,30290,9633,9633,9633
hj	□□□□□□瘓疚□□	9633,9633,9633,9633,9633,9633,30227,30106,9633,9633
hk	□□疥□□於□瘠疹□	9633,9633,30117,9633,9633,26044,9633,30240,30137,9633
hl	□□□痢為□癟□□痺	9633,9633,9633,30178,28858,9633,30303,9633,9633,30202
hm	□□□□□□□□□□	9633,9633,9633,9633,9633,9633,9633,9633,9633,9633
hn	□□□□□□□□□□	9633,9633,9633,9633,9633,9633,9633,9633,9633,9633
ho	疾疙瘦旗旋瘤□□族□	30142,30105,30246,26071,26059,30244,9633,9633,26063,9633
hp	瘍□□□□□□□□□	30221,9633,9633,9633,9633,9633,9633,9633,9633,9633
hq	疕疘□□□□□痘癡□	30101,30104,9633,9633,9633,9633,9633,30168,30305,9633
hr	癱□□痔□痣□□□□	30321,9633,9633,30164,9633,30179,9633,9633,9633,9633
hs	□□□□疫□□□□□	9633,9633,9633,9633,30123,9633,9633,9633,9633,9633
ht	邡痕疤□疲□□□癮□	37025,30165,30116,9633,30130,9633,9633,9633,30318,9633
hu	疽□□□□□□癬□□	30141,9633,9633,9633,9633,9633,9633,30316,9633,9633
hv	□□□痳□□□□□癩	9633,9633,9633,30195,9633,9633,9633,9633,9633,30313
hw	□□□□□□□□□□	9633,9633,9633,9633,9633,9633,9633,9633,9633,9633
hx	瘋□□□□□□痠□□	30219,9633,9633,9633,9633,9633,9633,30176,9633,9633
hy	□□□□□□□瘁□瘴	9633,9633,9633,9633,9633,9633,9633,30209,9633,30260
hz	□疣□□痍□□療□痞	9633,30115,9633,9633,30157,9633,9633,30274,9633,30174
i,	鈥銤□□□□□□□□	37413,37540,9633,9633,9633,9633,9633,9633,9633,9633
i.	釤銵□鋒錚遂□□□鉻	37348,37557,9633,37586,37658,36930,9633,9633,9633,37499
i/	□鑼□鐸□□□□鐲會	9633,38012,9633,37944,9633,9633,9633,9633,37938,26371
i;	合釦□□翕□命□拿劍	21512,37350,9633,9633,32725,9633,21629,9633,25343,21133
ia	□錢釘鈺□□□□□鏢	9633,37666,37336,37434,9633,9633,9633,9633,9633,37858
ib	令饑□饒飼館飲餘飽餵	20196,39249,9633,39250,39164,39208,39154,39192,39165,39221
ic	釙□□□□□銷□鈔□	37337,9633,9633,9633,9633,9633,37559,9633,37396,9633
id	□□□□□逆塑□□□	9633,9633,9633,9633,9633,36870,22609,9633,9633,9633
ie	判釗鍆□□□□□□鑪	21028,37335,37702,9633,9633,9633,9633,9633,9633,37994
if	針羊并□翔羶鍥羚□舒	37341,32650,24182,9633,32724,32694,37733,32666,9633,33298
ig	今兮□鈕□念貪□□含	20170,20846,9633,37397,9633,24565,36010,9633,9633,21547
ih	鈁□□□□□□□鏃□	37377,9633,9633,9633,9633,9633,9633,9633,37827,9633
ii	□□□銓鈴□□鑫□鑰	9633,9633,9633,37523,37428,9633,9633,37995,9633,38000
ij	鉬□□侖□□□欽□□	37484,9633,9633,20374,9633,9633,9633,27453,9633,9633
ik	□□□□銻錐益銼□鉛	9633,9633,9633,9633,37563,37648,30410,37564,9633,37467
il	鈞□鎚鍬鉋釣導鎢□錦	37406,9633,37786,37740,37451,37347,23566,37794,9633,37670
im	鋇釸□□□□□□□銘	37575,37368,9633,9633,9633,9633,9633,9633,9633,37528
in	錠銨□鍍□□□鐮鏟□	37664,37544,9633,37709,9633,9633,9633,37934,37855,9633
io	釿鑽鉚錘□□□□□鍾	37375,38013,37466,37656,9633,9633,9633,9633,9633,37758
ip	酋鈿鉀尊□□□□錫鏝	37195,37439,37440,23562,9633,9633,9633,9633,37675,37853
iq	釭□鑑□鉅鋪鎘□□□	37357,9633,37969,9633,37445,37610,37784,9633,9633,9633
ir	全姜羨鐃鑄恙□養義錯	20840,23004,32680,37891,37956,24665,9633,39178,32681,37679
is	釔釓□□□釩□□□□	37332,37331,9633,9633,9633,37353,9633,9633,9633,9633
it	□銀兼鍵鈹□□□創□	9633,37504,20860,37749,37433,9633,9633,9633,21109,9633
iu	鋤□剪□□□□□□□	37604,9633,21098,9633,9633,9633,9633,9633,9633,9633
iv	余□□□□途□□敘鍊	20313,9633,9633,9633,9633,36884,9633,9633,25944,37706
iw	釹□錄□□□□□□錙	37369,9633,37636,9633,9633,9633,9633,9633,9633,37657
ix	□慈□□□□鏘□□□	9633,24904,9633,9633,9633,9633,37848,9633,9633,9633
iy	鑣鉉□鋅□□□鎊□鐘	37987,37449,9633,37573,9633,9633,9633,37770,9633,37912
iz	鈇釱□□卷送券□拳鐳	37383,37361,9633,9633,21367,36865,21048,9633,25331,37939
j,	冞眯□□□瞇□□□□	20894,30511,9633,9633,9633,30599,9633,9633,9633,9633
j.	□□□睬睜□瞬□□□	9633,9633,9633,30572,30556,9633,30636,9633,9633,9633
j/	触□□□□□□□觸□	35302,9633,9633,9633,9633,9633,9633,9633,35320,9633
j;	召勉□□邵迥□□□□	21484,21193,9633,9633,37045,36837,9633,9633,9633,9633
ja	冠□盹□睫□□□冢瞟	20896,9633,30457,9633,30571,9633,9633,9633,20898,30623
jb	觔□矚□□□□□□□	35284,9633,30682,9633,9633,9633,9633,9633,9633,9633
jc	□□□□□□瞠□眇□	9633,9633,9633,9633,9633,9633,30624,9633,30471,9633
jd	巾帆帖□幃幟□帷帕帽	24062,24070,24086,9633,24131,24159,9633,24119,24085,24125
je	□□□□□□□□□□	9633,9633,9633,9633,9633,9633,9633,9633,9633,9633
jf	用冊刪□□□矇□□瞄	29992,20874,21034,9633,9633,9633,30663,9633,9633,30596
jg	鼎□□□□□□□□□	40718,9633,9633,9633,9633,9633,9633,9633,9633,9633
jh	刃□□斛□忍□□□□	20995,9633,9633,26011,9633,24525,9633,9633,9633,9633
ji	□□剛□□罔□□□瞼	9633,9633,21083,9633,9633,32596,9633,9633,9633,30652
jj	龜□□□□□觼奐蟹冤	40860,9633,9633,9633,9633,9633,35324,22864,34809,20900
jk	內久欠□□瞧盼灸□□	20839,20037,27424,9633,9633,30631,30460,28792,9633,9633
jl	□□□□□眨□□□睥	9633,9633,9633,9633,9633,30504,9633,9633,9633,30565
jm	負□□□□□□□□□	36000,9633,9633,9633,9633,9633,9633,9633,9633,9633
jn	□□□瞎□□□□□□	9633,9633,9633,30606,9633,9633,9633,9633,9633,9633
jo	盺睨□睡□□□燄□觴	30458,30568,9633,30561,9633,9633,9633,29124,9633,35316
jp	□□□睏□冥□□象□	9633,9633,9633,30543,9633,20901,9633,9633,35937,9633
jq	同甩軍□□運□□□□	21516,29993,36557,9633,9633,36939,9633,9633,9633,9633
jr	冉瞌□□□□睛典睹週	20873,30604,9633,9633,9633,9633,30555,20856,30585,36913
js	見冗□□□□□眺鴆□	35211,20887,9633,9633,9633,9633,9633,30522,40198,9633
jt	□眠色□□急□□煞□	9633,30496,33394,9633,9633,24613,9633,9633,29022,9633
ju	□□□□□□□□□□	9633,9633,9633,9633,9633,9633,9633,9633,9633,9633
jv	□□□□□□□睞□□	9633,9633,9633,9633,9633,9633,9633,30558,9633,9633
jw	□□□□□□□□□□	9633,9633,9633,9633,9633,9633,9633,9633,9633,9633
jx	□□□□□□□□眸□	9633,9633,9633,9633,9633,9633,9633,9633,30520,9633
jy	丹眩□□□□矓□彤瞳	20025,30505,9633,9633,9633,9633,30675,9633,24420,30643
jz	央□□□危□盎瞭鴦□	22830,9633,9633,9633,21361,9633,30414,30637,40230,9633
k,	伙□□□糴□脊□□□	20249,9633,9633,9633,31988,9633,33034,9633,9633,9633
k.	父□□□爸□爹偺斧□	29238,9633,9633,9633,29240,9633,29241,20602,26023,9633
k/	□儸□□□□□□□曾	9633,20792,9633,9633,9633,9633,9633,9633,9633,26366
k;	□兌促保□□□□侶儼	9633,20812,20419,20445,9633,9633,9633,9633,20406,20796
ka	仁代仃任伍□例□優便	20161,20195,20163,20219,20237,9633,20363,9633,20778,20415
kb	□□倔倨侷□俑□□僻	9633,9633,20500,20520,20407,9633,20433,9633,9633,20731
kc	冰仆□□□□倘□□□	20912,20166,9633,9633,9633,9633,20504,9633,9633,9633
kd	仙丫□□候□□催條□	20185,20011,9633,9633,20505,9633,9633,20652,26781,9633
ke	們企介□假□偵□□佔	20497,20225,20171,9633,20551,9633,20597,9633,9633,20308
kf	什□□□□付值□□估	20160,9633,9633,9633,9633,20184,20540,9633,9633,20272
kg	伺□他仔□□偏憑□□	20282,9633,20182,20180,9633,9633,20559,24977,9633,9633
kh	仿□□□□□□□偽□	20223,9633,9633,9633,9633,9633,9633,9633,20605,9633
ki	伴凎□併冷□倫□□儉	20276,20942,9633,20341,20919,9633,20523,9633,9633,20745
kj	分□您凋□忿貧□□像	20998,9633,24744,20939,9633,24575,36007,9633,9633,20687
kk	□□□坐□准份俗□卻	9633,9633,9633,22352,9633,20934,20221,20439,9633,21371
kl	僑係□仟仍□□□俄伯	20689,20418,9633,20191,20173,9633,9633,9633,20420,20271
km	傑□側□□□侈□□□	20625,9633,20596,9633,9633,9633,20360,9633,9633,9633
kn	傢□倌□傭□□俯□□	20642,9633,20492,9633,20653,9633,9633,20463,9633,9633
ko	低侮作件□□仰□□傷	20302,20398,20316,20214,9633,9633,20208,9633,9633,20663
kp	佃□伸個□□偶□□倡	20291,9633,20280,20491,9633,9633,20598,9633,9633,20513
kq	化仜仝□□傅貨□使偃	21270,20188,20189,9633,9633,20613,36008,9633,20351,20547
kr	仕□□僅儔傲債供備借	20181,9633,9633,20677,20756,20658,20661,20379,20633,20511
ks	佩□□□□□□佻□□	20329,9633,9633,9633,9633,9633,9633,20347,9633,9633
kt	□僎儘健弟□侵□伊偉	9633,20686,20760,20581,24351,9633,20405,9633,20234,20553
ku	仴□□□□□□□□□	20212,9633,9633,9633,9633,9633,9633,9633,9633,9633
kv	休□□□□□□□□凍	20241,9633,9633,9633,9633,9633,9633,9633,9633,20941
kw	□□□□□□□□□□	9633,9633,9633,9633,9633,9633,9633,9633,9633,9633
kx	公□□□翁□□似俟冶	20844,9633,9633,9633,32705,9633,9633,20284,20447,20918
ky	位隹信住隻進□雙依停	20301,38585,20449,20303,38587,36914,9633,38617,20381,20572
kz	伕□□傳□伏佈仗□佑	20245,9633,9633,20659,9633,20239,20296,20183,9633,20305
l,	鳥烏釆□鴃悉□□□翻	40165,28879,37318,9633,40195,24713,9633,9633,9633,32763
l.	勿□匈篷箏忽□□□□	21247,9633,21256,31735,31631,24573,9633,9633,9633,9633
l/	篾籮□□□□□□□□	31742,31854,9633,9633,9633,9633,9633,9633,9633,9633
l;	句□簣□劬□禹雊□簞	21477,9633,31779,9633,21164,9633,31161,38602,9633,31774
la	勻箋□竿□□□□□□	21243,31627,9633,31487,9633,9633,9633,9633,9633,9633
lb	及□□□□□節□□□	21450,9633,9633,9633,9633,9633,31680,9633,9633,9633
lc	簿□□□□□□□箔□	31807,9633,9633,9633,9633,9633,9633,9633,31636,9633
ld	島□□□□□□□皺□	23798,9633,9633,9633,9633,9633,9633,9633,30394,9633
le	師□歸阜延追帥□□簡	24107,9633,27512,38428,24310,36861,24101,9633,9633,31777
lf	千升乖□□□□籍□刮	21315,21319,20054,9633,9633,9633,9633,31821,9633,21038
lg	乃□□□盈□篇篤□□	20035,9633,9633,9633,30408,9633,31687,31716,9633,9633
lh	勺□□□□□□□簇□	21242,9633,9633,9633,9633,9633,9633,9633,31751,9633
li	乎□□□□□箭□□簽	20046,9633,9633,9633,9633,9633,31661,9633,9633,31805
lj	自筧□算□邊□□奧鼻	33258,31591,9633,31639,9633,37002,9633,9633,22887,40763
lk	筏□筱符篌□□籤□□	31567,9633,31601,31526,31692,9633,9633,31844,9633,9633
ll	笑□筵□笈□□□□筍	31505,9633,31605,9633,31496,9633,9633,9633,9633,31565
lm	舟般舢□艋航□船艇□	33311,33324,33314,9633,33355,33322,9633,33337,33351,9633
ln	乏□管□筷□□簾□□	20047,9633,31649,9633,31607,9633,9633,31806,9633,9633
lo	箍鵝笮笙□□□□籀□	31629,40285,31534,31513,9633,9633,9633,9633,31808,9633
lp	白旬甸笛□迫帛□卑簍	30333,26092,30008,31515,9633,36843,24091,9633,21329,31757
lq	毛築籃毬範匍□毯□匐	27611,31689,31811,27628,31684,21261,9633,27631,9633,21264
lr	箕□□等籌□□□箸簧	31637,9633,9633,31561,31820,9633,9633,9633,31672,31783
ls	九匕□□□丸□□鳩旭	20061,21269,9633,9633,9633,20024,9633,9633,40169,26093
lt	□包笆筆篛□□□□□	9633,21253,31494,31558,31707,9633,9633,9633,9633,9633
lu	血□□□筋□卹籐□□	34880,9633,9633,9633,31563,9633,21369,31824,9633,9633
lv	禾梟利積季科移秋稱程	31166,26783,21033,31309,23395,31185,31227,31179,31281,31243
lw	□□□□□□□□篆□	9633,9633,9633,9633,9633,9633,9633,9633,31686,9633
lx	系勾么□□□□□□句	31995,21246,20040,9633,9633,9633,9633,9633,9633,21477
ly	笠□□□□□籠□籬篙	31520,9633,9633,9633,9633,9633,31840,9633,31852,31705
lz	夭□□□□□看□□喬	22829,9633,9633,9633,9633,9633,30475,9633,9633,21932
m,	炙□□□□□□□□□	28825,9633,9633,9633,9633,9633,9633,9633,9633,9633
m.	敗□□□□□□□□賂	25943,9633,9633,9633,9633,9633,9633,9633,9633,36034
m/	□□□□□□□□□□	9633,9633,9633,9633,9633,9633,9633,9633,9633,9633
m;	名□□□□過□□□□	21517,9633,9633,9633,9633,36942,9633,9633,9633,9633
ma	祭賤□賊□□□□□□	31085,36068,9633,36042,9633,9633,9633,9633,9633,9633
mb	□□□□□□□□□□	9633,9633,9633,9633,9633,9633,9633,9633,9633,9633
mc	外□□□□□□□□□	22806,9633,9633,9633,9633,9633,9633,9633,9633,9633
md	□□□□□□□□□□	9633,9633,9633,9633,9633,9633,9633,9633,9633,9633
me	則□□□□□□□□貼	21063,9633,9633,9633,9633,9633,9633,9633,9633,36028
mf	□□□□□□□□財□	9633,9633,9633,9633,9633,9633,9633,9633,36001,9633
mg	□怨□□□□□□□□	9633,24616,9633,9633,9633,9633,9633,9633,9633,9633
mh	□□□□□□□□□□	9633,9633,9633,9633,9633,9633,9633,9633,9633,9633
mi	賒□□□賺□□□□□	36050,9633,9633,9633,36090,9633,9633,9633,9633,9633
mj	贍□□□□□□□□□	36109,9633,9633,9633,9633,9633,9633,9633,9633,9633
mk	□□□□□□□□□贈	9633,9633,9633,9633,9633,9633,9633,9633,9633,36104
ml	□□□□□貶□□□□	9633,9633,9633,9633,9633,36022,9633,9633,9633,9633
mm	多嬰□□□□□□夠□	22810,23344,9633,9633,9633,9633,9633,9633,22816,9633
mn	貯□□□□□□□□□	36015,9633,9633,9633,9633,9633,9633,9633,9633,9633
mo	□□□遙□□□□□□	9633,9633,9633,36953,9633,9633,9633,9633,9633,9633
mp	□□□□□□□□賜□	9633,9633,9633,9633,9633,9633,9633,9633,36060,9633
mq	舛賬□桀□賻□□□□	33307,36076,9633,26688,9633,36091,9633,9633,9633,9633
mr	□□□□□□購□賭贖	9633,9633,9633,9633,9633,9633,36092,9633,36077,36118
ms	□□□□□□□□□□	9633,9633,9633,9633,9633,9633,9633,9633,9633,9633
mt	郥□□□□□□□□□	37093,9633,9633,9633,9633,9633,9633,9633,9633,9633
mu	骨骰□髒□骯□□骼髏	39592,39600,9633,39634,9633,39599,9633,9633,39612,39631
mv	□□□□□□□□□□	9633,9633,9633,9633,9633,9633,9633,9633,9633,9633
mw	□□□□□□□□□□	9633,9633,9633,9633,9633,9633,9633,9633,9633,9633
mx	□□□□□□□□□貽	9633,9633,9633,9633,9633,9633,9633,9633,9633,36029
my	□賅□□□□□□□賠	9633,36037,9633,9633,9633,9633,9633,9633,9633,36064
mz	賑贓□□販然賄□□□	36049,36115,9633,9633,36009,28982,36036,9633,9633,9633
n,	□□□□□□憐□□□	9633,9633,9633,9633,9633,9633,24976,9633,9633,9633
n.	彥□□□□□□□□客	24421,9633,9633,9633,9633,9633,9633,9633,9633,23458
n/	寰□□□□愣慍□□□	23536,9633,9633,9633,9633,24867,24909,9633,9633,9633
n;	□□忡□□□□□宮憚	9633,9633,24545,9633,9633,9633,9633,9633,23470,24986
na	完室賓寶悟□恆怦廈宣	23436,23460,36051,23542,24735,9633,24646,24614,24264,23459
nb	慨廄□怪廢□□□□□	24936,24260,9633,24618,24290,9633,9633,9633,9633,9633
nc	恍□□□□□廠□□□	24653,9633,9633,9633,9633,9633,24288,9633,9633,9633
nd	愷□□□□□□□□□	24887,9633,9633,9633,9633,9633,9633,9633,9633,9633
ne	官□□□□憫□□□店	23448,9633,9633,9633,9633,25003,9633,9633,9633,24215
nf	□□□憤□守寬□懂廟	9633,9633,9633,24996,9633,23432,23532,9633,25026,24287
ng	宕□□忸□□□□□□	23445,9633,9633,24568,9633,9633,9633,9633,9633,9633
nh	□□□□廊□□□□□	9633,9633,9633,9633,24266,9633,9633,9633,9633,9633
ni	怑惍□庠廉□愉□□恰	24593,24781,9633,24224,24265,9633,24841,9633,9633,24688
nj	忉忱□惆□□懼惘□□	24521,24561,9633,24774,9633,9633,25084,24792,9633,9633
nk	穴窈窪府窘惟窩容究悅	31348,31368,31402,24220,31384,24799,31401,23481,31350,24709
nl	必□□庭庖□懊審惚怕	24517,9633,9633,24237,24214,9633,25034,23529,24794,24597
nm	察□廁□宛□□□□□	23519,9633,24257,9633,23451,9633,9633,9633,9633,9633
nn	□□惦□慷□寧□密□	9633,9633,24806,9633,24951,9633,23527,9633,23494,9633
no	底忻□產□□□庾寫愎	24213,24571,9633,29986,9633,9633,9633,24254,23531,24846
np	悍宴□宙□憬寓□惺慢	24717,23476,9633,23449,9633,25004,23507,9633,24826,24930
nq	它庫宦□□□□□慚富	23427,24235,23462,9633,9633,9633,9633,9633,24922,23500
nr	庄怯□恃度□情賽□害	24196,24623,9633,24643,24230,9633,24773,36093,9633,23475
ns	□□□實□□□□□□	9633,9633,9633,23526,9633,9633,9633,9633,9633,9633
nt	□恨康□怫□庸快□□	9633,24680,24247,9633,24619,9633,24248,24555,9633,9633
nu	宜□□□□□□□□□	23452,9633,9633,9633,9633,9633,9633,9633,9633,9633
nv	宋床□麻□怵廂□□懶	23435,24202,9633,40635,9633,24629,24258,9633,9633,25078
nw	安□□案□□□□惱□	23433,9633,9633,26696,9633,9633,9633,9633,24817,9633
nx	寐慘□□寢□□□□怡	23504,24920,9633,9633,23522,9633,9633,9633,9633,24609
ny	□忙□宰□□龐悴□懷	9633,24537,9633,23472,9633,9633,40848,24756,9633,25079
nz	寄宏□□□□怖恢□庵	23492,23439,9633,9633,9633,9633,24598,24674,9633,24245
o,	氣□□□□□□撈撇□	27683,9633,9633,9633,9633,9633,9633,25736,25735,9633
o.	援□抓採掙□授□覺□	25588,9633,25235,25505,25497,9633,25480,9633,35258,9633
o/	□擺□擇□□氳勳□□	9633,25850,9633,25799,9633,9633,27699,21235,9633,9633
o;	告扣靠□□造損□捌操	21578,25187,38752,9633,9633,36896,25613,9633,25420,25805
oa	丘找打拜捷乓制兵擾撢	19992,25214,25171,25308,25463,20051,21046,20853,25854,25762
ob	握□掘□撥搔□摒□□	25569,9633,25496,9633,25765,25620,9633,25682,9633,9633
oc	扑□□□□□擋□抄□	25169,9633,9633,9633,9633,9633,25803,9633,25220,9633
od	氙□拙□叟□卯攜□□	27673,9633,25305,9633,21471,9633,21359,25884,9633,9633
oe	扯乍捫氘□怎□□擱掉	25199,20045,25451,27672,9633,24590,9633,9633,25841,25481
of	午牛垂特牠犒□搭物摸	21320,29275,22402,29305,29280,29330,9633,25645,29289,25720
og	拓□拯扭□□□□□□	25299,9633,25327,25197,9633,9633,9633,9633,9633,9633
oh	斥□卵抖□□留□□□	26021,9633,21365,25238,9633,9633,30041,9633,9633,9633
oi	拌□□拼搶□掄□□拾	25292,9633,9633,25340,25654,9633,25476,9633,9633,25342
oj	印□□□□迎換探掐招	21360,9633,9633,9633,9633,36814,25563,25506,25488,25307
ok	扒臾□□□擒扮挫□□	25170,33278,9633,9633,9633,25810,25198,25387,9633,9633
ol	托□搗徵抱□搬播掏拍	25176,9633,25623,24501,25265,9633,25644,25773,25487,25293
om	撚□□□□□□□搖撾	25754,9633,9633,9633,9633,9633,9633,9633,25622,25790
on	近按□擴搪擰擦挖□□	36817,25353,9633,25844,25642,25840,25830,25366,9633,9633
oo	折□搜撫拖拆質□攪哲	25240,9633,25628,25771,25302,25286,36074,9633,25898,21746
op	重拽押抽舅□□黴揭摟	37325,25341,25276,25277,33285,9633,9633,40692,25581,25695
oq	年扛攬□拒捕□□擬指	24180,25179,25900,9633,25298,25429,9633,9633,25836,25351
or	生毀□持□□舞拱拷措	29983,27584,9633,25345,9633,9633,33310,25329,25335,25514
os	兒扎先乞投迄□挑微□	20818,25166,20808,20062,25237,36804,9633,25361,24494,9633
ot	□撰把□披□掃抉□□	9633,25776,25226,9633,25259,9633,25475,25225,9633,9633
ou	□□□□□□□□□□	9633,9633,9633,9633,9633,9633,9633,9633,9633,9633
ov	朱□□□□□□□□揀	26417,9633,9633,9633,9633,9633,9633,9633,9633,25536
ow	鼠□氯□□□□□□鼬	40736,9633,27695,9633,9633,9633,9633,9633,9633,40748
ox	鬼摻□拚拗魁魍□徽抬	39740,25723,9633,25306,25303,39745,39757,9633,24509,25260
oy	拉擁□拄□□攏摘抆撞	25289,25793,9633,25284,9633,9633,25871,25688,25222,25758
oz	失矢扶捧扳迭撤挾拔知	22833,30690,25206,25447,25203,36845,25764,25406,25300,30693
p,	黑黝黜墨□黯□黔□□	40657,40669,40668,22696,9633,40687,9633,40660,9633,9633
p.	畋□□□□□曖晷□略	30027,9633,9633,9633,9633,9633,26326,26231,9633,30053
p/	圜□□曙曼□□□□□	22300,9633,9633,26329,26364,9633,9633,9633,9633,9633
p;	回□數□□圖圓□□□	22238,9633,25976,9633,9633,22294,22291,9633,9633,9633
pa	旦畏題旺晤□曬□□量	26086,30031,38988,26106,26212,9633,26348,9633,9633,37327
pb	男□□□曜□□□□□	30007,9633,9633,9633,26332,9633,9633,9633,9633,9633
pc	晃□□□□□□□□□	26179,9633,9633,9633,9633,9633,9633,9633,9633,9633
pd	甲申□□□□□□鴨暢	30002,30003,9633,9633,9633,9633,9633,9633,40232,26274
pe	□□□□暇□□□□□	9633,9633,9633,9633,26247,9633,9633,9633,9633,9633
pf	由早曲畢□迪冑□□固	30001,26089,26354,30050,9633,36842,20881,9633,9633,22266
pg	昈□□囝□□□□□□	26120,9633,9633,22237,9633,9633,9633,9633,9633,9633
ph	□□□□□□□□□□	9633,9633,9633,9633,9633,9633,9633,9633,9633,9633
pi	畔□□曦囹□□□□□	30036,9633,9633,26342,22265,9633,9633,9633,9633,9633
pj	冒□□□□□□□□晚	20882,9633,9633,9633,9633,9633,9633,9633,9633,26202
pk	囚□界□□暹□□□□	22234,9633,30028,9633,9633,26297,9633,9633,9633,9633
pl	昀□□昇□□晌歇剔煦	26112,9633,9633,26119,9633,9633,26188,27463,21076,29030
pm	禺□□□□遇□□□□	31162,9633,9633,9633,9633,36935,9633,9633,9633,9633
pn	思晏□曠□□□□□□	24605,26191,9633,26336,9633,9633,9633,9633,9633,9633
po	昕晦昨星□□昂□□□	26133,26214,26152,26143,9633,9633,26114,9633,9633,9633
pp	昌□□曝□□□□暍壘	26124,9633,9633,26333,9633,9633,9633,9633,26253,22744
pq	國□□暱□圃□□□□	22283,9633,9633,26289,9633,22275,9633,9633,9633,9633
pr	里□□曉野□晴異暑園	37324,9633,9633,26313,37326,9633,26228,30064,26257,22290
ps	□□□□□□□晁□□	9633,9633,9633,9633,9633,9633,9633,26177,9633,9633
pt	□□□□□□□□□圍	9633,9633,9633,9633,9633,9633,9633,9633,9633,22285
pu	明胃□□□□盟□□□	26126,32963,9633,9633,9633,9633,30431,9633,9633,9633
pv	果困杲□□□夥□晰□	26524,22256,26482,9633,9633,9633,22821,9633,26224,9633
pw	囡□□□□□□□□□	22241,9633,9633,9633,9633,9633,9633,9633,9633,9633
px	累曳□□□□□□□□	32047,26355,9633,9633,9633,9633,9633,9633,9633,9633
py	昱□□□□□□□□影	26161,9633,9633,9633,9633,9633,9633,9633,9633,24433
pz	因□□團□恩囿暸□□	22240,9633,9633,22296,9633,24681,22271,26296,9633,9633
q,	□□□□□□轔□□□	9633,9633,9633,9633,9633,9633,36692,9633,9633,9633
q.	攻吏□□□□□□□□	25915,21519,9633,9633,9633,9633,9633,9633,9633,9633
q/	□□□□□□□□□□	9633,9633,9633,9633,9633,9633,9633,9633,9633,9633
q;	叵□匱噩□□□□□歐	21493,9633,21297,22121,9633,9633,9633,9633,9633,27472
qa	軾輕輒匡巧□輛□項□	36606,36629,36626,21281,24039,9633,36635,9633,38917,9633
qb	功□□輾輟□□□□□	21151,9633,9633,36670,36639,9633,9633,9633,9633,9633
qc	汞□□□□□□匯□□	27742,9633,9633,9633,9633,9633,9633,21295,9633,9633
qd	可擊□□緊□囊□雅熙	21487,25802,9633,9633,32202,9633,22218,9633,38597,29081
qe	□□匪□□□□□憨□	9633,9633,21290,9633,9633,9633,9633,9633,25000,9633
qf	匿□□□□□□□□□	21311,9633,9633,9633,9633,9633,9633,9633,9633,9633
qg	□□□□□□匾□□□	9633,9633,9633,9633,9633,9633,21310,9633,9633,9633
qh	瓦甫□□□敷□□□□	29926,29995,9633,9633,9633,25975,9633,9633,9633,9633
qi	豆□□豉□逗輸□□□	35910,9633,9633,35913,9633,36887,36664,9633,9633,9633
qj	切□匝□□軔□軟□輓	20999,9633,21277,9633,9633,36564,9633,36575,9633,36627
qk	匹□□□□□□巫□□	21305,9633,9633,9633,9633,9633,9633,24043,9633,9633
ql	轎軌□穎□□□□□□	36686,36556,9633,31310,9633,9633,9633,9633,9633,9633
qm	貢□□□□□□□□□	36002,9633,9633,9633,9633,9633,9633,9633,9633,9633
qn	連□□轄□□□□□□	36899,9633,9633,36676,9633,9633,9633,9633,9633,9633
qo	匠斬□塹□□□鏨□暫	21280,26028,9633,22649,9633,9633,9633,37864,9633,26283
qp	旨曹副軸□遭□□□□	26088,26361,21103,36600,9633,36973,9633,9633,9633,9633
qq	比□軻□□輔□□皆輻	27604,9633,36603,9633,9633,36628,9633,9633,30342,36667
qr	□□□□□□□□□轅	9633,9633,9633,9633,9633,9633,9633,9633,9633,36677
qs	軋旡□□□恐□□□□	36555,26081,9633,9633,9633,24656,9633,9633,9633,9633
qt	巨邛事□□□□□□□	24040,37019,20107,9633,9633,9633,9633,9633,9633,9633
qu	□□□□□□□□□□	9633,9633,9633,9633,9633,9633,9633,9633,9633,9633
qv	□□□□□□□□□□	9633,9633,9633,9633,9633,9633,9633,9633,9633,9633
qw	□□□□□□□□□輜	9633,9633,9633,9633,9633,9633,9633,9633,9633,36636
qx	長轡□□□□□□□□	38263,36705,9633,9633,9633,9633,9633,9633,9633,9633
qy	轆□□□□□□較□□	36678,9633,9633,9633,9633,9633,9633,36611,9633,9633
qz	輳□□轉軛□轍□□□	36659,9633,9633,36681,36571,9633,36685,9633,9633,9633
r,	□□□□□□□□□□	9633,9633,9633,9633,9633,9633,9633,9633,9633,9633
r.	垢□□□□□□□□□	22434,9633,9633,9633,9633,9633,9633,9633,9633,9633
r/	□□□□□□賣□□□	9633,9633,9633,9633,9633,9633,36067,9633,9633,9633
r;	吉哉□□□□臺喜遠□	21513,21705,9633,9633,9633,9633,33274,21916,36960,9633
ra	甘□□某□□□其□垣	29976,9633,9633,26576,9633,9633,9633,20854,9633,22435
rb	□聲堀□□□□□□□	9633,32882,22528,9633,9633,9633,9633,9633,9633,9633
rc	走赤赴赫起□超趁趨趕	36208,36196,36212,36203,36215,9633,36229,36225,36264,36245
rd	□□□□□□□□□□	9633,9633,9633,9633,9633,9633,9633,9633,9633,9633
re	址墟圳□□□□□□□	22336,22687,22323,9633,9633,9633,9633,9633,9633,9633
rf	革□鞘鞋勒寺填塔鞠靼	38761,9633,38808,38795,21202,23546,22635,22612,38816,38780
rg	壽□地□□□□□□□	22781,9633,22320,9633,9633,9633,9633,9633,9633,9633
rh	坊□□□□□□□熬□	22346,9633,9633,9633,9633,9633,9633,9633,29100,9633
ri	□□□達□□□□□□	9633,9633,9633,36948,9633,9633,9633,9633,9633,9633
rj	埆□□遘□坍帶坎□□	22470,9633,9633,36952,9633,22349,24118,22350,9633,9633
rk	共□恭熱巷堆□□□增	20849,9633,24685,29105,24055,22534,9633,9633,9633,22686
rl	考表埠□教□□塢□者	32771,34920,22496,9633,25945,9633,9633,22626,9633,32773
rm	責□□□勣□□□□堝	36012,9633,9633,9633,21219,9633,9633,9633,9633,22557
rn	志□□壙塘□□□□□	24535,9633,9633,22745,22616,9633,9633,9633,9633,9633
ro	圻塊□□□坼□□□壎	22331,22602,9633,9633,9633,22396,9633,9633,9633,22734
rp	昔□坤戴塌□□黃鵲□	26132,9633,22372,25140,22604,9633,9633,40643,40306,9633
rq	域載坷□□埔□甚□堰	22495,36617,22391,9633,9633,22484,9633,29978,9633,22576
rr	圭□卦幫勤□覲□堵□	22317,9633,21350,24171,21220,9633,35250,9633,22581,9633
rs	世□□□□□□□□□	19990,9633,9633,9633,9633,9633,9633,9633,9633,9633
rt	□垠埭□坡□□□□□	9633,22432,22509,9633,22369,9633,9633,9633,9633,9633
ru	青□□□□靛□□散□	38738,9633,9633,9633,9633,38747,9633,9633,25955,9633
rv	□栽□□□□□□□□	9633,26685,9633,9633,9633,9633,9633,9633,9633,9633
rw	□□□□□□□□□□	9633,9633,9633,9633,9633,9633,9633,9633,9633,9633
rx	去素□□劫□盍□埃□	21435,32032,9633,9633,21163,9633,30413,9633,22467,9633
ry	垃坑□□□□□□裁壞	22403,22353,9633,9633,9633,9633,9633,9633,35009,22750
rz	坏□□壩城□歎難壢□	22351,9633,9633,22761,22478,9633,27470,38627,22754,9633
s,	兆□□□□逃覜□□□	20806,9633,9633,9633,9633,36867,35228,9633,9633,9633
s.	□蹊□踩□□□蹤蹈鷺	9633,36426,9633,36393,9633,9633,9633,36452,36424,40442
s/	□□□□□□□□躅□	9633,9633,9633,9633,9633,9633,9633,9633,36485,9633
s;	□□□□□□□□□躁	9633,9633,9633,9633,9633,9633,9633,9633,9633,36481
sa	□踐躡□□□夙□鳳虱	9633,36368,36513,9633,9633,9633,22809,9633,40179,34417
sb	殳□□踞躍□踴□□□	27571,9633,9633,36382,36493,9633,36404,9633,9633,9633
sc	蹼□□□□□□□□踏	36476,9633,9633,9633,9633,9633,9633,9633,9633,36367
sd	踹□□□□□蹦□收□	36409,9633,9633,9633,9633,9633,36454,9633,25910,9633
se	趾□□□□□□□□□	36286,9633,9633,9633,9633,9633,9633,9633,9633,9633
sf	毋□躪躇□迅貫□□蝨	27595,9633,36522,36487,9633,36805,36011,9633,9633,34664
sg	跖□□□□□□□□□	36310,9633,9633,9633,9633,9633,9633,9633,9633,9633
sh	凡□□□□□□□□□	20961,9633,9633,9633,9633,9633,9633,9633,9633,9633
si	跘□□蹉□□□□□蹲	36312,9633,9633,36425,9633,9633,9633,9633,9633,36466
sj	跪□□跚□□□□□□	36330,9633,9633,36314,9633,9633,9633,9633,9633,9633
sk	趴□□□□□□□飛□	36276,9633,9633,9633,9633,9633,9633,9633,39131,9633
sl	□□□□跑□□□□凰	9633,9633,9633,9633,36305,9633,9633,9633,9633,20976
sm	□□□□□□□□□□	9633,9633,9633,9633,9633,9633,9633,9633,9633,9633
sn	跎□□踱□□□□□□	36302,9633,9633,36401,9633,9633,9633,9633,9633,9633
so	跌□□□□□□□躓踵	36300,9633,9633,9633,9633,9633,9633,9633,36499,36405
sp	□□□踝蹋□□□踢□	9633,9633,9633,36381,36427,9633,9633,9633,36386,9633
sq	□□□□距□□□□□	9633,9633,9633,9633,36317,9633,9633,9633,9633,9633
sr	□□□蹺躊□蹣躂□□	9633,9633,9633,36474,36490,9633,36451,36482,9633,9633
ss	□几□跺□□□跳□□	9633,20960,9633,36346,9633,9633,9633,36339,9633,9633
st	□跟□□跛□□□□□	9633,36319,9633,9633,36315,9633,9633,9633,9633,9633
su	□□□□□□□□□□	9633,9633,9633,9633,9633,9633,9633,9633,9633,9633
sv	朵□剁□□□□□□□	26421,9633,21057,9633,9633,9633,9633,9633,9633,9633
sw	□□□□□□□□□□	9633,9633,9633,9633,9633,9633,9633,9633,9633,9633
sx	□□□□□響□□□跆	9633,9633,9633,9633,9633,38911,9633,9633,9633,36294
sy	□□跡□□□□蹄□蹴	9633,9633,36321,9633,9633,9633,9633,36420,9633,36468
sz	母趺□□□□□蹶跋□	27597,36282,9633,9633,9633,9633,9633,36470,36299,9633
t,	□彝□□□□□□□□	9633,24413,9633,9633,9633,9633,9633,9633,9633,9633
t.	降□□□□□□□□□	38477,9633,9633,9633,9633,9633,9633,9633,9633,9633
t/	□□□□□□□□□□	9633,9633,9633,9633,9633,9633,9633,9633,9633,9633
t;	違□□□□□隕□□□	36949,9633,9633,9633,9633,9633,38549,9633,9633,9633
ta	阮陘陬□□□陋□陌□	38446,38488,38508,9633,9633,9633,38475,9633,38476,9633
tb	皮□□□□□□□皰□	30382,9633,9633,9633,9633,9633,9633,9633,30384,9633
tc	□□□□□逮□□隙□	9633,9633,9633,9633,9633,36910,9633,9633,38553,9633
td	盡巴肅□□□□□□□	30433,24052,32901,9633,9633,9633,9633,9633,9633,9633
te	阯□騭□□□□□□□	38447,9633,39469,9633,9633,9633,9633,9633,9633,9633
tf	聿□阱□建□□□□□	32895,9633,38449,9633,24314,9633,9633,9633,9633,9633
tg	弓強費疆弛弦□弱弧彈	24339,24375,36027,30086,24347,24358,9633,24369,24359,24392
th	防□□□□□□□□□	38450,9633,9633,9633,9633,9633,9633,9633,9633,9633
ti	□□□除陰□□隘隊險	9633,9633,9633,38500,38512,9633,9633,38552,38538,38570
tj	□□□□□□帚□陷□	9633,9633,9633,9633,9633,9633,24090,9633,38519,9633
tk	夬□□附□□□□□□	22828,9633,9633,38468,9633,9633,9633,9633,9633,9633
tl	尹□□陞□□□□陶君	23609,9633,9633,38494,9633,9633,9633,9633,38518,21531
tm	際□□□□□□□□□	38555,9633,9633,9633,9633,9633,9633,9633,9633,9633
tn	陀□□□□□□□□□	38464,9633,9633,9633,9633,9633,9633,9633,9633,9633
to	□□□陲□□□□□□	9633,9633,9633,38514,9633,9633,9633,9633,9633,9633
tp	隄□□□□□隅□□□	38532,9633,9633,9633,9633,9633,38533,9633,9633,9633
tq	陣□阿□□□隔□□尋	38499,9633,38463,9633,9633,9633,38548,9633,9633,23563
tr	□□陡□□□□陸□畫	9633,9633,38497,9633,9633,9633,9633,38520,9633,30059
ts	已己巳□選忌□□改□	24050,24049,24051,9633,36984,24524,9633,9633,25913,9633
tt	□限□□陂□□□□□	9633,38480,9633,9633,38466,9633,9633,9633,9633,9633
tu	阻□□□□□□□□□	38459,9633,9633,9633,9633,9633,9633,9633,9633,9633
tv	□□□□□□□□□陳	9633,9633,9633,9633,9633,9633,9633,9633,9633,38515
tw	□□□□□□□□□□	9633,9633,9633,9633,9633,9633,9633,9633,9633,9633
tx	艮□□□□退□□□□	33390,9633,9633,9633,9633,36864,9633,9633,9633,9633
ty	□阬□□□□隴□□障	9633,38444,9633,9633,9633,9633,38580,9633,9633,38556
tz	墮□□□阪□□陜□□	22702,9633,9633,9633,38442,9633,9633,38492,9633,9633
u,	魚□鱸鰭鯽鯨鯛鮮鮑魯	39770,9633,40056,39981,39933,39912,39899,39854,39825,39791
u.	肜□□□□□□□脈胳	32924,9633,9633,9633,9633,9633,9633,9633,33032,33011
u/	□□□□□□□□□□	9633,9633,9633,9633,9633,9633,9633,9633,9633,9633
u;	□□□□□□□□□臊	9633,9633,9633,9633,9633,9633,9633,9633,9633,33226
ua	且□懸肝助□肺具豚腰	19988,9633,25080,32925,21161,9633,32954,20855,35930,33136
ub	肋□□□膠□□□□□	32907,9633,9633,9633,33184,9633,9633,9633,9633,9633
uc	胱□□□□□膛□□□	33009,9633,9633,9633,9633,9633,33179,9633,9633,9633
ud	□□□□□□□□□□	9633,9633,9633,9633,9633,9633,9633,9633,9633,9633
ue	刖□腓□□□□□□臚	21014,9633,33107,9633,9633,9633,9633,9633,9633,33242
uf	臟□□□肢肘脖□□膜	33247,9633,9633,9633,32930,32920,33046,9633,9633,33180
ug	□□□□□□□□□□	9633,9633,9633,9633,9633,9633,9633,9633,9633,9633
uh	肪□□□□□□□□□	32938,9633,9633,9633,9633,9633,9633,9633,9633,9633
ui	胖□□膳□□□□□臉	32982,9633,9633,33203,9633,9633,9633,9633,9633,33225
uj	膽□□腆服□□□□□	33213,9633,9633,33094,26381,9633,9633,9633,9633,9633
uk	□□□□□□□腳□脫	9633,9633,9633,9633,9633,9633,9633,33139,9633,33067
ul	□□□□胞□□□胸腺	9633,9633,9633,9633,32990,9633,9633,9633,33016,33146
um	□□□□□□□□□□	9633,9633,9633,9633,9633,9633,9633,9633,9633,9633
un	臏□□□□□腕腔□□	33231,9633,9633,9633,9633,9633,33109,33108,9633,9633
uo	肵肐□□□□□腴□腹	32949,32912,9633,9633,9633,9633,9633,33140,9633,33145
up	腸□胛膿□腮□□腥□	33144,9633,32987,33215,9633,33134,9633,9633,33125,9633
uq	肛脹□□□膊膈脰□脂	32923,33081,9633,9633,9633,33162,33160,33072,9633,33026
ur	肚□□□□□□□□膨	32922,9633,9633,9633,9633,9633,9633,9633,9633,33192
us	肌□□□股□□□□□	32908,9633,9633,9633,32929,9633,9633,9633,9633,9633
ut	□腿肥腱□□□□□□	9633,33151,32933,33137,9633,9633,9633,9633,9633,9633
uu	朋□□□□□□□鵬□	26379,9633,9633,9633,9633,9633,9633,9633,40300,9633
uv	□□□□□□□膝□□	9633,9633,9633,9633,9633,9633,9633,33181,9633,9633
uw	□□□□□□□□腦臘	9633,9633,9633,9633,9633,9633,9633,9633,33126,33240
ux	□□□□□□□□□胎	9633,9633,9633,9633,9633,9633,9633,9633,9633,32974
uy	□臃□□□□朧膀□臆	9633,33219,9633,9633,9633,9633,26407,33152,9633,33222
uz	胚肱□□胰□□□□腌	32986,32945,9633,9633,33008,9633,9633,9633,9633,33100
v,	杰□□□□□□□□□	26480,9633,9633,9633,9633,9633,9633,9633,9633,9633
v.	枚杉□榭□□□樅攀格	26522,26441,9633,27053,9633,9633,9633,27141,25856,26684
v/	柬□□□□楞□□□□	26604,9633,9633,9633,9633,26974,9633,9633,9633,9633
v;	束杏剌□□速賴□整□	26463,26447,21068,9633,9633,36895,36084,9633,25972,9633
va	本末椰械極□柄枰穀標	26412,26411,26928,26800,26997,9633,26564,26544,31296,27161
vb	朸□□□橘□桶□□□	26424,9633,9633,9633,27224,9633,26742,9633,9633,9633
vc	朴□□□□□檔□杪□	26420,9633,9633,9633,9633,9633,27284,9633,26474,9633
vd	□□□□□□□□□□	9633,9633,9633,9633,9633,9633,9633,9633,9633,9633
ve	壺□□欄□□楨□□櫚	22778,9633,9633,27396,9633,9633,26984,9633,9633,27354
vf	樺□□楛枝村植檣材權	27194,9633,9633,26971,26525,26449,26893,27299,26448,27402
vg	□□□李□□□□□□	9633,9633,9633,26446,9633,9633,9633,9633,9633,9633
vh	朮枋□□榔述□□□□	26414,26507,9633,9633,27028,36848,9633,9633,9633,9633
vi	□□□樣槍□榆□□檢	9633,9633,9633,27171,27085,9633,27014,9633,9633,27298
vj	相枕刺棗□想□榷□橡	30456,26517,21050,26839,9633,24819,9633,27063,9633,27233
vk	□松□□梯樵□來□□	9633,26494,9633,9633,26799,27189,9633,20358,9633,9633
vl	橋□槌梃楹杓□□□棉	27211,9633,27084,26755,27001,26451,9633,9633,9633,26825
vm	□□□□□□櫻□□□	9633,9633,9633,9633,9633,9633,27387,9633,9633,9633
vn	檳□棺櫥□檸□榨□□	27315,9633,26874,27365,9633,27320,9633,27048,9633,9633
vo	析梅柳株□榴□□□□	26512,26757,26611,26666,9633,27060,9633,9633,9633,9633
vp	東杳柙棵榻□□□□樓	26481,26483,26585,26869,27067,9633,9633,9633,9633,27155
vq	杠朼柯□□□槓壹□櫃	26464,26428,26607,9633,9633,9633,27091,22777,9633,27331
vr	杜□□桂檮□構□楮樹	26460,9633,9633,26690,27310,9633,27083,9633,26990,27193
vs	札机□□□□□桃□□	26413,26426,9633,9633,9633,9633,9633,26691,9633,9633
vt	橢杞杷□□□□□□□	27234,26462,26487,9633,9633,9633,9633,9633,9633,9633
vu	□□□□□□棚櫓□□	9633,9633,9633,9633,9633,9633,26842,27347,9633,9633
vv	林梵□森楚麓□焚彬棟	26519,26805,9633,26862,26970,40595,9633,28954,24428,26847
vw	□□□□□□□□□□	9633,9633,9633,9633,9633,9633,9633,9633,9633,9633
vx	楓機□□□□□梭□□	26963,27231,9633,9633,9633,9633,9633,26797,9633,9633
vy	□核□柱□□柿榜□檀	9633,26680,9633,26609,9633,9633,26623,27036,9633,27264
vz	杯□槭棒板□□杖梳椿	26479,9633,27117,26834,26495,9633,9633,26454,26803,26943
w,	災彝□□□□□□□□	28797,24413,9633,9633,9633,9633,9633,9633,9633,9633
w.	彖□□□□□□□□蠡	24406,9633,9633,9633,9633,9633,9633,9633,9633,34849
w/	□邋□□□□媼□□□	9633,37003,9633,9633,9633,9633,23228,9633,9633,9633
w;	如絮□□娛恕娟□□嬋	22914,32110,9633,9633,23067,24661,23071,9633,9633,23307
wa	□姪嫣妹□□□□□嫖	9633,23018,23267,22969,9633,9633,9633,9633,9633,23254
wb	奴□□□努怒媚□娓□	22900,9633,9633,9633,21162,24594,23194,9633,23059,9633
wc	彔□剝□□□嫦□妙□	24404,9633,21085,9633,9633,9633,23270,9633,22937,9633
wd	奾□□□□□□□□□	22910,9633,9633,9633,9633,9633,9633,9633,9633,9633
we	□□□嫻□□□□□□	9633,9633,9633,23291,9633,9633,9633,9633,9633,9633
wf	□□□□妓□□□□姑	9633,9633,9633,9633,22931,9633,9633,9633,9633,22993
wg	妒□她好□□□媽□□	22930,9633,22905,22909,9633,9633,9633,23229,9633,9633
wh	妨□□□娘□□□嫉□	22952,9633,9633,9633,23064,9633,9633,9633,23241,9633
wi	姅□□姘嫌□□□□□	22981,9633,9633,23000,23244,9633,9633,9633,9633,9633
wj	□□妳姍□□□□□彙	9633,9633,22963,22989,9633,9633,9633,9633,9633,24409
wk	□□□□娣□□□□□	9633,9633,9633,9633,23075,9633,9633,9633,9633,9633
wl	嬌□□□姊妁媳□娥婢	23308,9633,9633,9633,22986,22913,23219,9633,23077,23138
wm	□□□□□□□□□媧	9633,9633,9633,9633,9633,9633,9633,9633,9633,23207
wn	巡□□嬤□□婉□嬸□	24033,9633,9633,23332,9633,9633,23113,9633,23352,9633
wo	妡□嫂姓□□□□□□	22945,9633,23234,22995,9633,9633,9633,9633,9633,9633
wp	甾嫘□巢□□□□□娼	30014,23256,9633,24034,9633,9633,9633,9633,9633,23100
wq	妅□姬□□□□□□嫗	22917,9633,23020,9633,9633,9633,9633,9633,9633,23255
wr	媒□□娃□□媾□姥嬉	23186,9633,9633,23043,9633,9633,23230,9633,23013,23305
ws	姆□□□□□□姚□□	22982,9633,9633,9633,9633,9633,9633,23002,9633,9633
wt	婀妃□□□□婦□□□	23104,22915,9633,9633,9633,9633,23142,9633,9633,9633
wu	姐□□□□□□□□□	22992,9633,9633,9633,9633,9633,9633,9633,9633,9633
wv	□□□□□□□□□嫩	9633,9633,9633,9633,9633,9633,9633,9633,9633,23273
ww	□姦□□□□□□□□	9633,23014,9633,9633,9633,9633,9633,9633,9633,9633
wx	□□□□□□□姒□始	9633,9633,9633,9633,9633,9633,9633,22994,9633,22987
wy	娮□□□□□□嫡□婷	23086,9633,9633,9633,9633,9633,9633,23265,9633,23159
wz	娠□□孀姨□□□□□	23072,9633,9633,23360,23016,9633,9633,9633,9633,9633
x,	□□□□□□□□□□	9633,9633,9633,9633,9633,9633,9633,9633,9633,9633
x.	緩綏□縫□終綬縱□絡	32233,32143,9633,32299,9633,32066,32172,32305,9633,32097
x/	□□□繹□□□□□□	9633,9633,9633,32377,9633,9633,9633,9633,9633,9633
x;	台□□□□怠絹□□□	21488,9633,9633,9633,9633,24608,32121,9633,9633,9633
xa	紜緻純絨□□□□緬縹	32028,32251,32020,32104,9633,9633,9633,9633,32236,32313
xb	幼□□□綴□□□□□	24188,9633,9633,9633,32180,9633,9633,9633,9633,9633
xc	□□□□□□□□紗□	9633,9633,9633,9633,9633,9633,9633,9633,32023,9633
xd	□□絀□□□繃□□□	9633,9633,32064,9633,9633,9633,32323,9633,9633,9633
xe	□□□□□□□□□綽	9633,9633,9633,9633,9633,9633,9633,9633,9633,32189
xf	弁□□□綁紂縝牆□□	24321,9633,9633,9633,32129,32002,32285,29254,9633,9633
xg	幻□□紐□□編□□□	24187,9633,9633,32016,9633,9633,32232,9633,9633,9633
xh	紡□□□□□□□□□	32033,9633,9633,9633,9633,9633,9633,9633,9633,9633
xi	絆□□繕縑□綸縊□繪	32070,9633,9633,32341,32273,9633,32184,32266,9633,32362
xj	繩□緲綢絕紉□納□紹	32361,9633,32242,32162,32085,32009,9633,32013,9633,32057
xk	以□□□□維紛纖逡繒	20197,9633,9633,9633,9633,32173,32027,32406,36897,32338
xl	□□縐颳級約□繙□線	9633,9633,32272,39091,32026,32004,9633,32345,9633,32218
xm	□□□將□□纓□□□	9633,9633,9633,23559,9633,9633,32403,9633,9633,9633
xn	綜□綰□□□□縮□纏	32156,9633,32176,9633,9633,9633,9633,32302,9633,32399
xo	紙緞颼牟□□□□□□	32025,32222,39100,29279,9633,9633,9633,9633,9633,9633
xp	細絏紳綑□□□□□縷	32048,32079,32051,32145,9633,9633,9633,9633,9633,32311
xq	紅□纜□□縛□□□□	32005,9633,32412,9633,9633,32283,9633,9633,9633,9633
xr	壯紲□繞□裝績綾緒續	22767,32050,9633,32350,9633,35037,32318,32190,32210,32396
xs	允□糾□□□□□□□	20801,9633,31998,9633,9633,9633,9633,9633,9633,9633
xt	□紀繡□紼□□□□緯	9633,32000,32353,9633,32060,9633,9633,9633,9633,32239
xu	組□□□□□□□□□	32068,9633,9633,9633,9633,9633,9633,9633,9633,9633
xv	□□□□□□□□□練	9633,9633,9633,9633,9633,9633,9633,9633,9633,32244
xw	妝□綠□□□□□緣繅	22941,9633,32160,9633,9633,9633,9633,9633,32227,32325
xx	絲參□□□□□□鷥颱	32114,21443,9633,9633,9633,9633,9633,9633,40421,39089
xy	□絃□□□□□締紋織	9633,32067,9633,9633,9633,9633,9633,32224,32011,32340
xz	綺統□□□狀□繚紱畚	32186,32113,9633,9633,9633,29376,9633,32346,32049,30042
y,	□□□□□謎□談□□	9633,9633,9633,9633,9633,35598,9633,35527,9633,9633
y.	文毅離謝諍□□□□吝	25991,27589,38626,35613,35533,9633,9633,9633,9633,21533
y/	□□□譯□□□□□□	9633,9633,9633,35695,9633,9633,9633,9633,9633,9633
y;	□競京□部□高□哀襄	9633,31478,20140,9633,37096,9633,39640,9633,21696,35140
ya	試□訂誡語□□評□譚	35430,9633,35330,35489,35486,9633,9633,35413,9633,35674
yb	證□□□謬□誦□□□	35657,9633,9633,9633,35628,9633,35494,9633,9633,9633
yc	亦卞訃弈□□誚□□□	20134,21342,35331,24328,9633,9633,35482,9633,9633,9633
yd	訕□□□□□□□□□	35349,9633,9633,9633,9633,9633,9633,9633,9633,9633
ye	謔□訓□□□□□□站	35604,9633,35347,9633,9633,9633,9633,9633,9633,31449
yf	計辛□辣辦討□護瓣謨	35336,36763,9633,36771,36774,35342,9633,35703,29923,35624
yg	詞□訑□□慶□□□□	35422,9633,35345,9633,9633,24950,9633,9633,9633,9633
yh	訪祿禎社祁祕祖祥祈神	35370,31103,31118,31038,31041,31061,31062,31077,31048,31070
yi	□□譜議謙□論□□□	9633,9633,35676,35696,35609,9633,35542,9633,9633,9633
yj	詭□市調□認□訥諂詔	35437,9633,24066,35519,9633,35469,9633,35365,35522,35412
yk	六訟齊襪被誰商雜交袖	20845,35359,40778,35178,34987,35504,21830,38620,20132,34966
yl	託衣誕誘□□□□□詢	35351,34915,35477,35480,9633,9633,9633,9633,9633,35426
ym	□□□□□□□□謠□	9633,9633,9633,9633,9633,9633,9633,9633,35616,9633
yn	這□□□□□誼□詫□	36889,9633,9633,9633,9633,9633,35516,9633,35435,9633
yo	訢讚詐許□訴□諛裒誥	35362,35738,35408,35377,9633,35380,9633,35547,35026,35493
yp	音竟□課□意謂□衰稟	38899,31455,9633,35506,9633,24847,35586,9633,34928,31263
yq	訌□訝□□誧□誣□詣	35340,9633,35357,9633,9633,35495,9633,35491,9633,35427
yr	主諜□謹□誌請褻諸讀	20027,35548,9633,35641,9633,35468,35531,35131,35576,35712
ys	亡亢□訊設忘望□□□	20129,20130,9633,35338,35373,24536,26395,9633,9633,9633
yt	□記□□詖□□訣□諱	9633,35352,9633,9633,35414,9633,9633,35363,9633,35569
yu	龍嬴□□□□贏羸□□	40845,23348,9633,9633,9633,9633,36111,32696,9633,9633
yv	□□□□□□親□新諫	9633,9633,9633,9633,9633,9633,35242,9633,26032,35563
yw	妾□□□□□□□□□	22974,9633,9633,9633,9633,9633,9633,9633,9633,9633
yx	玄颯諷□□玆牽刻□畜	29572,39087,35575,9633,9633,29574,29309,21051,9633,30044
yy	□該□註□□□諦□識	9633,35442,9633,35387,9633,9633,9633,35558,9633,35672
yz	誇□□□誠□□詼□□	35463,9633,9633,9633,35488,9633,9633,35452,9633,9633
z,	灰□□□□□盔□□□	28784,9633,9633,9633,9633,9633,30420,9633,9633,9633
z.	髟鬣髭鬆□鬢髯□爽霾	39647,39715,39661,39686,9633,39714,39663,9633,29245,38718
z/	□□□□□□□□□□	9633,9633,9633,9633,9633,9633,9633,9633,9633,9633
z;	右否□□□□□□□靈	21491,21542,9633,9633,9633,9633,9633,9633,9633,38728
za	丕威歪□□□□□需□	19989,23041,27498,9633,9633,9633,9633,9633,38656,9633
zb	友反夯□霧返□□□霹	21451,21453,22831,9633,38695,36820,9633,9633,9633,38713
zc	泰□霑□□□霄□霪□	27888,9633,38673,9633,9633,9633,38660,9633,38698,9633
zd	□□□在存□□□□□	9633,9633,9633,22312,23384,9633,9633,9633,9633,9633
ze	戚□霏□霞□□□□□	25114,9633,38671,9633,38686,9633,9633,9633,9633,9633
zf	奉□□奔□專□□□勵	22857,9633,9633,22868,9633,23560,9633,9633,9633,21237
zg	□盛□□□□□□□□	9633,30427,9633,9633,9633,9633,9633,9633,9633,9633
zh	太犬□□□□□□□□	22826,29356,9633,9633,9633,9633,9633,9633,9633,9633
zi	□□厥□零□□□□□	9633,9633,21413,9633,38646,9633,9633,9633,9633,9633
zj	冇規布甭□□□□□□	20871,35215,24067,29997,9633,9633,9633,9633,9633,9633
zk	丈仄□□□奪□夾贗遼	19976,20164,9633,9633,9633,22890,9633,22846,36119,36988
zl	□□□歷雹□□□□愿	9633,9633,9633,27511,38649,9633,9633,9633,9633,24895
zm	□□□□□□□□□□	9633,9633,9633,9633,9633,9633,9633,9633,9633,9633
zn	惠□□□□□□□□□	24800,9633,9633,9633,9633,9633,9633,9633,9633,9633
zo	舂霉□□□霤□□□□	33282,38665,9633,9633,9633,38692,9633,9633,9633,9633
zp	春雷□□厚□壓□□蠢	26149,38647,9633,9633,21402,9633,22739,9633,9633,34850
zq	左咸奇□□感□□□奩	24038,21688,22855,9633,9633,24863,9633,9633,9633,22889
zr	□□□棄□□霰□奢厝	9633,9633,9633,26820,9633,9633,38704,9633,22882,21405
zs	充尢□□□尤□尬露□	20805,23586,9633,9633,9633,23588,9633,23596,38706,9633
zt	雪□□肆夷□□□□□	38634,9633,9633,32902,22839,9633,9633,9633,9633,9633
zu	有育盃□郁□□□□□	26377,32946,30403,9633,37057,9633,9633,9633,9633,9633
zv	□□□霖□□霜□□□	9633,9633,9633,38678,9633,9633,38684,9633,9633,9633
zw	□□□□□□□□□□	9633,9633,9633,9633,9633,9633,9633,9633,9633,9633
zx	戊□□□□□□雄□□	25098,9633,9633,9633,9633,9633,9633,38596,9633,9633
zy	霅霎□□□□□霽雯靄	38661,38670,9633,9633,9633,9633,9633,38717,38639,38724
zz	套□□□□□□□靂替	22871,9633,9633,9633,9633,9633,9633,9633,38722,26367
